153,4
153,3
153,2
153,1
4294967294,1087
152,4
152,3
152,2
152,1
151,5
151,4
151,3
151,2
151,1
4294967294,1427
150,4
150,3
150,2
150,1
149,5
149,4
149,3
149,2
149,1
148,4
148,3
148,2
148,1
4294967294,1423
147,4
147,3
147,2
147,1
146,6
146,5
146,4
146,3
146,2
146,1
145,4
145,3
145,2
145,1
144,5
144,4
144,3
144,2
144,1
143,4
143,3
143,2
143,1
142,4
142,3
142,2
142,1
141,4
141,3
141,2
141,1
4294967294,480
140,5
140,4
140,3
140,2
140,1
139,4
139,3
139,2
139,1
138,5
138,4
138,3
138,2
138,1
137,4
137,3
137,2
137,1
136,4
136,3
136,2
136,1
135,6
135,5
135,4
135,3
135,2
135,1
134,4
134,3
134,2
134,1
133,5
133,4
133,3
133,2
133,1
132,4
132,3
132,2
132,1
131,4
131,3
131,2
131,1
130,4
130,3
130,2
130,1
129,5
129,4
129,3
129,2
129,1
128,4
128,3
128,2
128,1
127,5
127,4
127,3
127,2
127,1
126,4
126,3
126,2
126,1
125,4
125,3
125,2
125,1
124,6
124,5
124,4
124,3
124,2
124,1
123,4
123,3
123,2
123,1
122,5
122,4
122,3
122,2
122,1
121,4
121,3
121,2
121,1
4294967278,447
4294967278,446
4294967278,445
4294967278,444
4294967278,443
4294967278,442
4294967278,441
4294967278,440
4294967278,439
4294967278,438
4294967278,437
4294967278,436
4294967278,435
4294967278,434
4294967278,433
4294967278,432
4294967278,431
4294967278,430
4294967278,429
4294967278,428
4294967278,427
4294967278,426
4294967278,425
4294967278,424
4294967279,511
4294967278,423
4294967279,510
4294967278,422
4294967279,509
4294967279,508
4294967279,507
4294967279,506
4294967279,505
4294967279,504
4294967279,503
4294967278,421
4294967278,420
4294967278,419
4294967279,502
4294967278,418
4294967279,501
4294967278,417
4294967278,416
4294967279,500
4294967279,499
4294967279,498
4294967279,497
4294967278,415
4294967279,496
4294967278,414
4294967278,413
4294967278,412
4294967279,495
4294967279,494
4294967279,493
4294967279,492
4294967279,491
4294967279,490
4294967279,489
4294967279,488
4294967278,411
4294967278,410
4294967279,487
4294967279,486
4294967278,409
4294967278,408
4294967278,407
4294967278,406
4294967279,485
4294967279,484
4294967279,483
4294967279,482
4294967278,405
4294967279,481
4294967279,480
4294967279,479
4294967279,478
4294967279,477
4294967279,476
4294967278,404
4294967279,475
4294967279,474
4294967279,473
4294967279,472
4294967279,471
4294967278,403
4294967278,402
4294967279,470
4294967279,469
4294967278,401
4294967278,400
4294967278,399
4294967278,398
4294967279,468
4294967279,467
4294967279,466
4294967279,465
4294967278,397
4294967279,464
4294967278,396
4294967278,395
4294967278,394
120,4
120,3
120,2
120,1
119,4
119,3
119,2
119,1
118,5
118,4
118,3
118,2
118,1
4294967294,1429
117,4
117,3
117,2
117,1
116,5
116,4
116,3
116,2
116,1
4294967279,463
115,4
115,3
115,2
115,1
114,4
114,3
114,2
114,1
4294967294,1425
113,6
113,5
113,4
113,3
113,2
113,1
112,4
112,3
112,2
112,1
111,5
111,4
111,3
111,2
111,1
110,4
110,3
110,2
110,1
4294967279,462
4294967279,461
109,4
109,3
109,2
109,1
108,4
108,3
108,2
108,1
107,5
107,4
107,3
107,2
107,1
106,4
106,3
106,2
106,1
105,5
105,4
105,3
105,2
105,1
104,4
104,3
104,2
104,1
103,4
103,3
103,2
103,1
4294967294,1426
102,6
102,5
102,4
102,3
102,2
102,1
101,4
101,3
101,2
101,1
100,5
100,4
100,3
100,2
100,1
99,4
99,3
99,2
99,1
97,6
97,5
4294967279,460
4294967278,393
4294967278,392
4294967279,459
4294967279,458
4294967279,457
4294967278,391
4294967279,456
4294967278,390
4294967278,389
4294967279,455
4294967279,454
4294967279,453
4294967278,388
4294967278,387
4294967278,386
4294967278,385
4294967279,452
4294967278,384
4294967279,451
4294967278,309
98,4
98,3
98,2
98,1
97,4
97,3
97,2
97,1
4294967294,479
96,5
96,4
96,3
96,2
96,1
95,4
95,3
95,2
95,1
4294967294,1428
94,5
94,4
94,3
94,2
94,1
93,4
93,3
93,2
93,1
92,4
92,3
92,2
92,1
4294967294,1424
91,6
4294967279,450
91,5
4294967279,449
91,4
91,3
91,2
91,1
90,4
90,3
90,2
90,1
4294967294,478
4294967279,448
89,5
4294967279,447
89,4
89,3
89,2
89,1
88,4
88,3
88,2
88,1
4294967279,446
4294967278,299
87,4
87,3
87,2
87,1
86,4
86,3
86,2
86,1
4294967278,277
4294967294,477
85,5
85,4
85,3
85,2
85,1
84,4
84,3
84,2
84,1
83,5
83,4
83,3
83,2
83,1
82,4
82,3
82,2
82,1
81,4
81,3
81,2
81,1
4294967294,476
80,6
80,5
4294967279,445
4294967278,273
80,4
80,3
80,2
80,1
4294967294,475
79,4
79,3
79,2
79,1
78,5
78,4
78,3
78,2
78,1
77,4
77,3
77,2
77,1
4294967279,444
4294967279,443
4294967278,383
4294967278,382
4294967279,442
4294967278,381
76,4
76,3
76,2
76,1
75,4
75,3
75,2
75,1
4294967278,380
74,5
74,4
